100
0.493000
9.770000 -3.670000
1.720000 4.560000
0.491000
3.370000 -9.590000
4.560000 9.260000
0.617000
4.160000 5.660000
1.630000 -2.840000
0.966000
-4.820000 9.290000
7.260000 -8.530000
0.429000
0.430000 -0.550000
8.570000 -7.720000
0.821000
3.790000 4.800000
-6.670000 -3.650000
0.526000
9.380000 -1.220000
1.550000 8.630000
0.259000
-9.640000 -9.970000
-2.360000 2.030000
0.618000
3.900000 9.920000
-7.770000 9.140000
0.739000
1.600000 -3.960000
2.830000 7.980000
0.707000
-6.340000 6.920000
8.760000 6.850000
0.640000
2.400000 4.570000
4.690000 -1.640000
0.874000
6.680000 -9.440000
7.340000 8.660000
0.269000
-4.110000 7.880000
-9.590000 -8.510000
0.811000
-7.510000 5.210000
-9.210000 5.030000
0.634000
3.290000 -5.060000
0.990000 5.920000
0.592000
2.640000 -1.650000
3.200000 2.950000
0.233000
-9.110000 4.230000
-6.520000 -7.340000
0.020000
0.730000 5.880000
8.760000 -0.440000
0.108000
-8.870000 2.400000
-5.980000 6.400000
0.324000
2.480000 8.700000
-0.370000 -1.550000
0.915000
-1.840000 3.860000
-8.310000 8.450000
0.707000
1.300000 -4.290000
-3.310000 -0.340000
0.256000
-4.740000 3.560000
5.410000 -5.230000
0.553000
6.750000 -6.560000
1.430000 0.440000
0.907000
4.750000 9.000000
-3.180000 6.020000
0.262000
-8.720000 0.720000
8.530000 5.490000
0.176000
9.090000 6.650000
-3.420000 6.470000
0.282000
9.030000 -8.550000
7.700000 -5.480000
0.136000
-3.710000 1.600000
3.920000 5.720000
0.873000
5.000000 4.940000
-0.470000 -8.780000
0.965000
-6.310000 3.380000
8.430000 3.730000
0.814000
1.340000 1.920000
3.690000 -1.170000
0.907000
4.400000 -0.870000
4.420000 5.700000
0.893000
-1.430000 3.090000
9.400000 -0.510000
0.183000
-5.880000 -3.700000
8.780000 2.140000
0.925000
2.090000 -8.670000
-6.940000 4.520000
0.150000
0.960000 5.000000
-0.520000 1.360000
0.509000
-6.230000 -9.160000
-3.110000 8.180000
0.454000
9.890000 8.180000
-9.530000 0.140000
0.275000
4.850000 9.130000
-8.080000 1.460000
0.693000
-0.560000 -8.380000
-7.330000 -5.670000
0.139000
4.110000 -2.810000
2.200000 -4.140000
0.528000
-1.170000 3.930000
-6.200000 -8.590000
0.724000
-2.670000 6.020000
-3.540000 7.810000
0.437000
5.950000 -5.620000
-4.250000 -3.820000
0.090000
-0.250000 -0.470000
-1.900000 -5.220000
0.563000
-7.520000 5.210000
4.000000 -3.800000
0.472000
-1.680000 -8.700000
-8.250000 8.510000
0.020000
9.420000 9.900000
-8.860000 3.540000
0.612000
3.170000 1.300000
-9.740000 5.360000
0.501000
5.290000 8.570000
0.430000 -3.520000
0.617000
-4.280000 8.090000
-6.600000 1.230000
0.489000
-0.520000 1.560000
7.920000 7.840000
0.503000
5.860000 -8.760000
9.630000 7.090000
0.434000
9.640000 -0.460000
-8.700000 7.950000
0.881000
-9.820000 -1.980000
-5.690000 3.900000
0.766000
3.370000 6.860000
-3.370000 4.380000
0.819000
9.170000 -3.500000
-1.290000 5.890000
0.613000
-3.900000 -9.890000
7.470000 -6.470000
0.513000
-3.010000 -2.770000
2.150000 -5.060000
0.970000
-2.060000 -8.450000
4.160000 -2.440000
0.294000
2.410000 -6.700000
-8.570000 0.920000
0.386000
-0.170000 1.690000
3.150000 -2.400000
0.623000
-4.860000 -8.950000
-4.910000 -6.050000
0.099000
7.960000 -8.870000
-8.910000 7.110000
0.131000
-1.890000 -8.280000
7.130000 -3.220000
0.242000
9.590000 -3.860000
-6.290000 -0.290000
0.127000
-8.350000 -2.050000
-0.260000 -7.580000
0.572000
-3.800000 -1.790000
1.810000 1.480000
0.232000
-8.270000 -7.420000
-4.970000 -5.460000
0.496000
2.030000 -4.630000
7.840000 5.130000
0.493000
-0.660000 -8.120000
-8.470000 5.520000
0.434000
7.350000 -9.420000
-3.940000 -3.370000
0.791000
0.910000 8.100000
5.380000 -0.970000
0.459000
8.120000 4.540000
-3.430000 -1.190000
0.514000
-2.260000 7.590000
7.230000 -4.080000
0.293000
-7.500000 9.170000
-6.210000 -8.400000
0.583000
-8.590000 2.740000
3.340000 1.430000
0.277000
-0.740000 -8.330000
-0.590000 -5.920000
0.860000
-0.370000 2.380000
-8.470000 -1.030000
0.164000
-0.520000 -4.160000
3.330000 -2.810000
0.075000
6.780000 -4.690000
8.150000 8.560000
0.867000
7.520000 -6.130000
-5.220000 5.500000
0.018000
8.720000 6.750000
9.090000 8.350000
0.418000
9.780000 -7.230000
-1.060000 -6.250000
0.330000
-0.760000 3.210000
1.400000 -0.400000
0.301000
-6.210000 -4.360000
-3.680000 -4.110000
0.584000
-6.260000 8.100000
0.600000 3.470000
0.431000
8.590000 8.770000
-7.250000 8.330000
0.184000
-0.950000 -9.910000
-2.620000 -9.420000
0.616000
7.370000 -3.050000
-1.850000 0.580000
0.775000
4.500000 -6.190000
0.540000 9.960000
0.897000
5.730000 9.530000
-9.590000 1.140000
0.645000
-9.350000 -0.930000
-0.280000 6.300000
0.682000
-4.400000 2.470000
-8.410000 6.810000
0.640000
-7.770000 2.500000
-0.010000 -0.400000
0.517000
6.460000 9.520000
1.790000 2.230000
0.604000
1.880000 2.180000
4.800000 5.580000
0.670000
-2.340000 -5.170000
-0.110000 9.550000
