50
0.875000
-8.560000 4.080000
9.580000 -9.190000
0.003000
-0.920000 -7.600000
7.250000 -7.370000
0.803000
8.590000 -1.460000
6.350000 -2.980000
0.867000
-0.430000 -0.300000
4.000000 -5.680000
0.586000
-7.340000 9.590000
-1.820000 -2.220000
0.864000
-4.730000 -4.640000
4.390000 7.130000
0.404000
-9.790000 3.530000
9.080000 9.820000
0.196000
9.480000 -0.730000
2.980000 0.300000
0.522000
6.070000 9.510000
-7.100000 2.740000
0.756000
-4.670000 5.320000
2.170000 9.000000
0.029000
-4.560000 1.040000
-4.180000 -1.790000
0.321000
2.850000 -9.340000
-5.730000 -4.190000
0.863000
-3.450000 -1.880000
-0.050000 -5.790000
0.581000
-9.070000 -1.990000
0.380000 -6.190000
0.018000
2.870000 3.180000
-3.220000 -7.310000
0.223000
-1.130000 2.410000
4.410000 -9.830000
0.958000
4.620000 -4.970000
-8.060000 8.800000
0.112000
-3.990000 -6.830000
1.890000 -9.370000
0.309000
-4.420000 3.720000
-3.870000 -4.110000
0.082000
-9.610000 4.760000
4.610000 -5.900000
0.232000
-1.550000 -0.920000
6.100000 3.470000
0.667000
-1.620000 0.050000
-2.900000 6.980000
0.329000
8.750000 -3.530000
6.180000 -9.380000
0.998000
-7.390000 -5.190000
3.870000 -4.230000
0.681000
0.800000 -3.770000
7.060000 0.620000
0.419000
6.610000 9.220000
-2.890000 5.030000
0.005000
6.180000 3.360000
-9.120000 9.990000
0.168000
-3.120000 -6.320000
7.780000 3.060000
0.454000
9.510000 6.840000
-3.980000 -1.750000
0.231000
6.100000 -9.410000
-7.160000 -4.730000
0.082000
-2.610000 -0.380000
9.390000 -9.130000
0.593000
2.610000 -1.110000
8.450000 -4.390000
0.486000
1.750000 9.180000
3.420000 0.880000
0.788000
-8.590000 -9.280000
-3.380000 -3.640000
0.408000
-9.460000 9.910000
2.720000 -6.530000
0.029000
8.140000 -5.390000
-6.770000 8.090000
0.919000
5.390000 -7.520000
-3.800000 7.740000
0.065000
-8.420000 2.770000
6.900000 -4.800000
0.773000
-3.100000 4.910000
-1.630000 3.600000
0.993000
4.560000 -9.260000
-7.000000 3.790000
0.972000
-3.050000 -2.140000
-0.300000 6.570000
0.149000
8.140000 7.010000
0.130000 -7.000000
0.880000
-8.300000 2.930000
-2.100000 -7.410000
0.443000
-0.570000 -8.210000
-9.720000 -6.280000
0.996000
7.900000 5.010000
4.030000 -6.020000
0.663000
5.310000 7.690000
-5.060000 3.630000
0.333000
-0.560000 -2.060000
-7.030000 -2.260000
0.030000
-2.830000 -7.130000
1.650000 -7.350000
0.135000
-8.920000 9.300000
8.510000 -7.700000
0.998000
-3.160000 5.360000
8.370000 -8.640000
